APID SAMPLES

APID 003 position only
LE = 11000000000
BE = 00000000011

APID 333 flight data only
LE = 10110010100
BE = 00101001101

APID 999 all sys data
LE = 11100111110
BE = 01111100111

-------------------------------------------------------------------------
PACKET LENGTH SAMPLES

Integer 32 size of flight data only payload
LE = 0000010000000000
BE = 0000000000100000

Integer 96 size of all sys data payload
LE = 0000011000000000
BE = 0000000001100000

----------------------------------------------------------------------------
PARAMETER VALUE SAMPLES

FLIGHT HOURS 1024 32bit
LE = 00000000001000000000000000000000
BE = 00000000000000000000010000000000

LASER TEMP 17949.25 64bit signed float
0100000011010001100010011101000000000000000000000000000000000000

0 to 180
0000000000000000
0000000000000001
0000000000000010
0000000000000011
0000000000000100
0000000000000101
0000000000000110
0000000000000111
0000000000001000
0000000000001001
0000000000001010
0000000000001011
0000000000001100
0000000000001101
0000000000001110
0000000000001111
0000000000010000
0000000000010001
0000000000010010
0000000000010011
0000000000010100
0000000000010101
0000000000010110
0000000000010111
0000000000011000
0000000000011001
0000000000011010
0000000000011011
0000000000011100
0000000000011101
0000000000011110
0000000000011111
0000000000100000
0000000000100001
0000000000100010
0000000000100011
0000000000100100
0000000000100101
0000000000100110
0000000000100111
0000000000101000
0000000000101001
0000000000101010
0000000000101011
0000000000101100
0000000000101101
0000000000101110
0000000000101111
0000000000110000
0000000000110001
0000000000110010
0000000000110011
0000000000110100
0000000000110101
0000000000110110
0000000000110111
0000000000111000
0000000000111001
0000000000111010
0000000000111011
0000000000111100
0000000000111101
0000000000111110
0000000000111111
0000000001000000
0000000001000001
0000000001000010
0000000001000011
0000000001000100
0000000001000101
0000000001000110
0000000001000111
0000000001001000
0000000001001001
0000000001001010
0000000001001011
0000000001001100
0000000001001101
0000000001001110
0000000001001111
0000000001010000
0000000001010001
0000000001010010
0000000001010011
0000000001010100
0000000001010101
0000000001010110
0000000001010111
0000000001011000
0000000001011001
0000000001011010
0000000001011011
0000000001011100
0000000001011101
0000000001011110
0000000001011111
0000000001100000
0000000001100001
0000000001100010
0000000001100011
0000000001100100
0000000001100101
0000000001100110
0000000001100111
0000000001101000
0000000001101001
0000000001101010
0000000001101011
0000000001101100
0000000001101101
0000000001101110
0000000001101111
0000000001110000
0000000001110001
0000000001110010
0000000001110011
0000000001110100
0000000001110101
0000000001110110
0000000001110111
0000000001111000
0000000001111001
0000000001111010
0000000001111011
0000000001111100
0000000001111101
0000000001111110
0000000001111111
0000000010000000
0000000010000001
0000000010000010
0000000010000011
0000000010000100
0000000010000101
0000000010000110
0000000010000111
0000000010001000
0000000010001001
0000000010001010
0000000010001011
0000000010001100
0000000010001101
0000000010001110
0000000010001111
0000000010010000
0000000010010001
0000000010010010
0000000010010011
0000000010010100
0000000010010101
0000000010010110
0000000010010111
0000000010011000
0000000010011001
0000000010011010
0000000010011011
0000000010011100
0000000010011101
0000000010011110
0000000010011111
0000000010100000
0000000010100001
0000000010100010
0000000010100011
0000000010100100
0000000010100101
0000000010100110
0000000010100111
0000000010101000
0000000010101001
0000000010101010
0000000010101011
0000000010101100
0000000010101101
0000000010101110
0000000010101111
0000000010110000
0000000010110001
0000000010110010
0000000010110011
0000000010110100

---------------------------------------------------------------------------

COMPLETE PACKET SAMPLES

BE flight data only packet
00101001101000000000010000000000000000000000000010000000000

BE all sys packet
011111001110000000001100000000000000000000000000100000000000100000011010001100010011101000000000000000000000000000000000000